1737708587.944470000 154.218128490513635 99.0540788728829824 -0.888303011323353431 -0.00120726338800168165 0.00463704064485559279 -0.876377374369591622 -0.481601223069700102
1737708588.044470000 153.218751212283735 98.4180142726569187 -0.893416727059751059 -0.000781204023856557541 0.00425979426776771763 -0.876365643490564228 -0.481626933198756157
1737708588.144470000 152.223363805624984 97.7841799827591558 -0.897859648763770557 -0.000698385505915718541 0.00428759318162103172 -0.876319446783431211 -0.481710863476811801
1737708588.244481000 151.231424934835957 97.1524379803420857 -0.902376064726489902 -0.000528303983233730477 0.00379628978596920031 -0.876324045514609185 -0.481706836500865765
1737708588.344481000 150.243736844400416 96.5234313769410335 -0.905200722779195277 0.000331328889983048937 0.00336566535544402697 -0.876309317996654347 -0.481737004713278072
1737708588.444481000 149.259387813003144 95.89658636753515 -0.908331587554506714 0.000599861401803936946 0.00222968711197398363 -0.876252128511269768 -0.481847357511848262
1737708588.544478000 148.278931861156025 95.2728295152976159 -0.910281939252069128 0.00127821338940298408 0.00150566742965094398 -0.876223691073096722 -0.481900552332492516
1737708588.644481000 147.302892818192362 94.6529354402674983 -0.909111013201851059 0.00231195837179864029 0.00249574183384421644 -0.87621566626736147 -0.481907182254871724
1737708588.744481000 146.331143217436392 94.03575820717802 -0.906875997684081003 0.00326807696923063799 0.0042118586922549146 -0.876202288403327367 -0.481914027307830617
1737708588.844481000 145.36216610954898 93.4200481849133268 -0.911198271206524857 0.00292438336482669752 0.00515381894616161965 -0.876154139699596879 -0.481994615757754596
1737708588.944481000 144.396326209764794 92.8060508278149001 -0.920148379798376381 0.00219977792473649743 0.00537808027537232079 -0.876122961102564712 -0.482052688259808404
1737708589.044481000 143.43425887426946 92.1942381043834729 -0.929593208493183942 0.00192590621183706939 0.00540197334164557903 -0.876088556418151865 -0.482116117633956454
1737708589.144481000 142.475139426040585 91.5848012351860632 -0.939059894003046236 0.00164577558611411767 0.00472833147533400014 -0.876063443357371852 -0.482169863758618589
1737708589.244494000 141.519058603109414 90.9774269815428624 -0.947598588414438336 0.00137274927734308636 0.00354520845762331185 -0.876049219378230659 -0.482206711155295398
1737708589.344494000 140.566384010471523 90.3729934576378042 -0.953263140647518825 0.00126107646889025982 0.00260478747523242016 -0.876040688047138638 -0.48222851186366511
1737708589.444494000 139.617283665217286 89.7712271273545213 -0.955622122869727586 0.000609076282726012152 0.00236605676062615674 -0.876031192379005619 -0.482248256378916662
1737708589.544494000 138.671556541605014 89.1710316823904492 -0.956845879700834234 -0.000325017897462306655 0.00183114572915829554 -0.876005467428583762 -0.482297586873409512
1737708589.644494000 137.728899684241355 88.5728064846979635 -0.957236416844241655 -0.00100396301159972169 0.00137419029988969008 -0.87597081008394706 -0.482361113213083503
1737708589.744494000 136.789492262744801 87.9769294272729212 -0.954803439494321227 -0.0018102189414621907 0.00214506460562096692 -0.875926885526005061 -0.482435708688665921
1737708589.844494000 135.853404740804763 87.3824047045785193 -0.950698727367165097 -0.00131709061479271059 0.00346675351655797905 -0.875885784992461836 -0.482504236810939791
1737708589.944494000 134.918716185990746 86.7897339946969311 -0.948784869000712572 -0.00066514807504892276 0.00466057758695054801 -0.87586878553836367 -0.482526379708039299
1737708590.044494000 133.985241805887739 86.1970378546270268 -0.951051762550354507 -0.000155941989528817545 0.00472145617358138252 -0.875826442527470217 -0.482603073035567209
1737708590.144494000 133.051840671246197 85.6051954684065919 -0.957715308784824693 -0.000373297668323535267 0.00363431082487875642 -0.875795933121721992 -0.48266772831952609
1737708590.244506000 132.119441388248816 85.013843341960694 -0.964364796047256778 -0.000529576800405488117 0.00259111994634077898 -0.875785855740926489 -0.482692594235679007
1737708590.344506000 131.188372818549567 84.4236106126354855 -0.967269665583789129 -5.07787823856703773e-05 0.0021407941760011066 -0.875873115861891316 -0.482536733660965389
1737708590.444506000 130.257738303068294 83.8336465649327067 -0.967663076355656737 0.000322042001355213065 0.00233682790376191132 -0.876056001464313061 -0.482203606190018008
1737708590.544506000 129.326677211350926 83.2419996970064204 -0.968246884426366305 0.000212087889890806244 0.00220198309999469766 -0.876276406832954269 -0.481803658264527757
1737708590.644506000 128.394620218719524 82.6483131014726524 -0.970526302818455755 -0.000511443753335987222 0.00152923016930752928 -0.876510896474138268 -0.481379318461522043
1737708590.744506000 127.461627611384273 82.0520427721931895 -0.973116543079629248 -0.00117128167398600734 0.000177928859886053415 -0.876736760657577441 -0.480969072760629057
1737708590.844506000 126.527296251396251 81.4542868308985959 -0.972780740737553273 -0.00189554082890990364 -0.000427001875377948392 -0.876993067815102556 -0.480499098436844019
1737708590.944506000 125.592267747032466 80.8541071752717073 -0.968817850165547223 -0.00189334739084573282 -0.000158833367612821411 -0.877230731617262394 -0.480065238810166384
1737708591.044506000 124.655703134159623 80.2516017012529517 -0.96240117280304871 -0.0010743980931760468 0.000464181098135650735 -0.877486384309003609 -0.479600120472209346
1737708591.144506000 123.716412367249575 79.6459718370452237 -0.958537764354580157 -0.000250738108813313798 0.000496277742752610331 -0.877699190348962821 -0.479211667324136281
1737708591.244506000 122.774160259846468 79.0374872606155776 -0.956828141695385548 0.00015770632953460701 0.000473011973798771453 -0.877921352811310785 -0.478804604892585361
1737708591.344518000 121.828820067703589 78.4258498517210541 -0.956415935741103285 0.000690581101643874531 0.000309418045771981147 -0.87815693185158028 -0.478372062728619762
1737708591.444518000 120.880070767665515 77.8114201182829675 -0.956891029670563165 0.000382465634687122213 9.26079627954338764e-05 -0.878430325538214207 -0.477870283987852806
1737708591.544518000 119.928584241412665 77.1928906354630726 -0.957748776680972025 0.000573557625717310252 -0.000467547611677032661 -0.878653786769238998 -0.477458873021496699
1737708591.644518000 118.974056380055728 76.5717642476469251 -0.956905111407200359 0.000157778942775363033 -4.39516975569613304e-05 -0.878867214772494409 -0.477066443980387334
1737708591.744518000 118.017117000633931 75.9465547987697391 -0.954852142005780391 0.000386117223926362753 0.000396385524785044813 -0.879051006048273909 -0.47672740906887523
1737708591.844518000 117.055965453533332 75.3187320251657155 -0.954452115085594133 -0.000134416318282163505 0.000601907069835231397 -0.879296116330819055 -0.476275087996078261
1737708591.944518000 116.091850387455594 74.6866291679714323 -0.95512567679732463 0.000105380072203511017 0.000108330599260017085 -0.879509655171344606 -0.475881018343770945
1737708592.044518000 115.12409276813743 74.0520237672480732 -0.955436966014026612 -0.000249957657512289385 0.000104189571663900165 -0.879732487257958273 -0.475468902798730997
1737708592.144518000 114.153854922854947 73.4136003773572412 -0.954587011006700403 -8.76676620789202385e-05 0.000227979692723351561 -0.879945798251497102 -0.475074028419968264
1737708592.244518000 113.179639430191457 72.772361174043084 -0.954230397128073893 -0.00053949492087037405 0.000198009457276991359 -0.88019766585618775 -0.474606930795163029
1737708592.344530000 112.20318425253744 72.127051930370925 -0.953049132206865823 -0.000151346761469341694 0.000445848335175018048 -0.880390447434042267 -0.474249341992487194
1737708592.444530000 111.223271683979718 71.4790846977331569 -0.952133150849893695 -1.0616325695190186e-05 0.00109374012732631025 -0.880616380681607858 -0.473828654362580537
1737708592.544530000 110.240679616818142 70.8272078614091214 -0.951804507731677352 0.00050785857461932947 0.0015089702400159226 -0.880817482881011582 -0.473453299639618519
1737708592.644530000 109.253665344873923 70.1719059471746078 -0.955264092071070547 0.00064768106026794948 0.000898750180295214115 -0.881055079820874498 -0.473012387870751838
1737708592.744530000 108.263393212309296 69.5131513954636375 -0.958710257943138577 0.000398633049718256547 9.40951265394357624e-05 -0.88125121019374375 -0.472648005147447259
1737708592.844530000 107.270508582111447 68.8508773136343279 -0.960226472959331501 0.00103621210049117604 -0.000643929975194851203 -0.881421758693471169 -0.472328482012654538
1737708592.944530000 106.2742677286233 68.186303263092384 -0.95980676260897968 0.00123744376935544889 -0.000940942247298934102 -0.881533596371079087 -0.472118737003390576
1737708593.044530000 105.275702814774931 67.518728104735402 -0.95754501256342428 0.00202983010409069423 -0.00111446763274673029 -0.88159307158622302 -0.472004548582758032
1737708593.144530000 104.273028118607712 66.8496797869595838 -0.956572258860392766 0.00188238839120131031 -0.00154348570269522865 -0.881646174601891985 -0.471904754241447733
1737708593.244530000 103.267896194080478 66.1782673912462229 -0.955334739861515847 0.00074823329086718402 -0.00175815922191418323 -0.881662835890572927 -0.471876035450504716
1737708593.344541000 102.260753073743373 65.5048571338835757 -0.952870108980108044 0.000147908420809133938 -0.00173800716251769479 -0.881682884953447932 -0.471839218202946664
1737708593.444541000 101.252454456223774 64.8302684389772708 -0.947385535961012826 1.77302381217572108e-05 -0.00105990118325253015 -0.881668189787681467 -0.471868709930668762
1737708593.544541000 100.242006309757286 64.1546822894548541 -0.942507017475078146 -0.000926336368143621533 -0.000497612562898523832 -0.881653002401863062 -0.47189710492696485
1737708593.644541000 99.2306720276543643 63.4776713063656004 -0.938927423327630795 -0.000805542503193270275 -0.000745313312085747054 -0.881660978185297539 -0.47188209878600762
1737708593.744541000 98.2182454292446323 62.8010301266651467 -0.93489051767153819 -0.000482367913165185325 -0.000816420805957296337 -0.88167667186975951 -0.471853099024398204
1737708593.844541000 97.205597069383785 62.1237844474973997 -0.930997660223025214 -0.000166190276521538068 -0.00101948028501755005 -0.881651210335154589 -0.471900494124872061
1737708593.944541000 96.1929916808859815 61.4470242647912954 -0.926341035576283556 0.000183029800469055378 -0.000474397678535028395 -0.881625071960702389 -0.47195018162643132
1737708594.044541000 95.180532665673411 60.7702604938733799 -0.922295511641679333 0.00081716585199556103 -7.24734229184541452e-06 -0.881559273331965709 -0.47207264249251224
1737708594.144541000 94.1673532846107548 60.0939481808966534 -0.919690319913299636 0.000345094482924973231 0.000153013948768406253 -0.881493602793100073 -0.472195812911730517
1737708594.244541000 93.1539010207769849 59.4170077931513845 -0.920276053380365999 0.000279262688652346259 -0.000707692791483810783 -0.88134122481852506 -0.472479699689464627
1737708594.344549000 92.1400666698237387 58.7417742637399201 -0.918095330003861676 -0.000601355388199539928 -0.000423409027388827342 -0.881122140210549576 -0.472888182477923302
1737708594.444552000 91.1262709025230038 58.0668349479415014 -0.914397999466623923 -0.000815162751390636586 -0.000140408796241706752 -0.880817257143646892 -0.473455674074144184
1737708594.544552000 90.111334675128191 57.3935748517653508 -0.910543555252098513 -0.000626267187731578559 0.000166833766398160233 -0.880401363166170015 -0.474228868470756793
1737708594.644552000 89.0947137947264594 56.7219911708823403 -0.906940988965402761 -0.000931771675053193432 0.000446808886221493849 -0.879932667588266382 -0.475097287588934769
1737708594.744552000 88.0760854557984203 56.0517566590873457 -0.90528230618722394 -0.000830940874369655086 -7.57117433551895307e-05 -0.879515294864149144 -0.47586988757960369
1737708594.844552000 87.0554948763667085 55.3837292180581287 -0.903153202513751197 -0.000726808039346600967 -0.000418679199176124142 -0.879103976444043589 -0.47662930570630363
1737708594.944552000 86.033566594383629 54.7169737856828462 -0.899695137697860914 -0.00058483965249151251 -0.000572124620987051304 -0.878681406786242736 -0.477407913637959036
1737708595.044552000 85.0098839523114123 54.0518988906799436 -0.895618757946664124 -0.000448562455659557455 -0.000674247861897865359 -0.878322135171005769 -0.47806858404437147
1737708595.144552000 83.984639740512165 53.3881618372500526 -0.891668898832330026 -0.000701790561805423784 -0.000681244255441578708 -0.877992475553439844 -0.478673433843799789
1737708595.244552000 82.9584101465363659 52.725250725675977 -0.887284449121632401 -0.000726704292419725045 -0.000595379335465655952 -0.877696116279013006 -0.479216699305289318
1737708595.344552000 81.9310113043173516 52.0635175240409183 -0.882802807522411248 -0.000637996025233051808 -0.000385370457485316399 -0.877455062419489007 -0.479658271986519225
1737708595.444559000 80.9025920037020398 51.4024695000810183 -0.878298444908236497 -0.0006670865277451385 -0.000159747268172683509 -0.87727709430978873 -0.479983780221529432
1737708595.544559000 79.8732791565579276 50.7418218321897285 -0.875018586295906231 -0.000386893645585127915 -0.00050296467496614098 -0.877130230722933946 -0.480252179268117363
1737708595.644559000 78.8434388591166737 50.0819144257480744 -0.871437816052840319 -0.000152389850970511783 -0.000524965275037800978 -0.876993366679473918 -0.480502170639213411
1737708595.744559000 77.8130581491898141 49.4225577947946348 -0.867309540998411066 0.000160329562953015763 -0.000642482384563660856 -0.876933276407836138 -0.480611683419613966
1737708595.844556000 76.7821965711320189 48.7633918626154497 -0.863808439677386186 0.000302459709415580573 -0.00107146996741499514 -0.876972900263827349 -0.480538544419783997
1737708595.944559000 75.7514729983681292 48.1039942829951741 -0.859924887001891292 0.000497225181948384538 -0.00130221047848790819 -0.877062683223724493 -0.480373923846194373
1737708596.044559000 74.7217239452048148 47.4441413893701309 -0.854755759062004294 0.00125628961515425117 -0.00110556705873332854 -0.877156226201349809 -0.480202201467349044
1737708596.144559000 73.6915319554511541 46.7843660114106399 -0.850177055542974069 0.00116810632996068912 -0.00103030052807567699 -0.877274994742913816 -0.479985580624298525
1737708596.244559000 72.6615114907418018 46.1235493506311371 -0.847258278241408092 0.00094333170200486087 -0.00153510498202295495 -0.877398430050757239 -0.479759052569580013
1737708596.344559000 71.6319308602445233 45.462539635564255 -0.843432587095544584 0.000696174621437068938 -0.00159230503483080363 -0.877522872305349533 -0.479531634500313497
1737708596.444565000 70.6034705065023473 44.8007124779832679 -0.837408413562615417 0.000843918743972057713 -0.000966910778126134135 -0.877584056529447487 -0.479421084861753388
1737708596.544565000 69.5747266671938718 44.1384041356854624 -0.832421649439102795 0.000536918928956953839 -0.000651863013667677155 -0.877667842101579332 -0.479268657157374489
1737708596.644565000 68.5454059242480582 43.4748080735178846 -0.829538763087676267 0.00017985762139107039 -0.00130996890941129161 -0.87776579999389992 -0.4790881463715852
1737708596.744565000 67.5155704894563939 42.8108509517811555 -0.826118879612313672 9.66438308107903793e-05 -0.00171798293993606177 -0.877883047777043402 -0.478872001290822913
1737708596.844565000 66.4855917802050413 42.1460071946323893 -0.82012184394030696 3.06286595257814192e-05 -0.00154081993094963825 -0.877962357561299034 -0.478727191249078365
1737708596.944565000 65.4546778322981737 41.4797750602565998 -0.814228438252443842 -0.000317163362169850505 -0.00146776649118083484 -0.87803090951024565 -0.478601574395175422
1737708597.044565000 64.4226310628183967 40.8122552768489655 -0.808891580092754081 -0.000699200244722447467 -0.00138154531487015824 -0.878090514420020174 -0.478492059429563965
1737708597.144565000 63.3897846844497934 40.1435398198206173 -0.802429605372822707 -0.000477731031915376927 -0.000993350016522618826 -0.878145299691557524 -0.478392744153202043
1737708597.244565000 62.355063132274168 39.4738158298858153 -0.79673706374790032 -0.000732685571956426945 -0.000666247183976641558 -0.878202005153208232 -0.47828888491311139
1737708597.344565000 61.3190023830816386 38.8020617701453929 -0.792493928341616916 -0.000713680951620788962 -0.000839273176691350976 -0.87825050938863447 -0.478199570303695309
1737708597.444559000 60.2813969773797282 38.1295429376014212 -0.788062776192484216 -0.000563831591624501874 -0.000442330735478146649 -0.878316997490601437 -0.478078171805147556
1737708597.544559000 59.242605543593811 37.4555204603623082 -0.782847692075273494 -0.000104851661083394071 0.000278539430843621804 -0.878356281708965847 -0.478006436990460526
1737708597.644559000 58.2012954199023724 36.7798852035235697 -0.780491593977815978 -0.000223801419646247745 0.000220773701537357891 -0.878412101746624874 -0.47790384040827194
1737708597.744556000 57.1580794276308026 36.1022967671895998 -0.78013956172129395 -0.000451198481608856622 -0.000490496049025541643 -0.87845032012752311 -0.477833224986928762
1737708597.844559000 56.1132075788880869 35.4237757992402749 -0.778011187907787893 -0.00053809152010292371 -0.000693255301685182413 -0.878496603221452732 -0.477747786999555446
1737708597.944559000 55.0669427184992131 34.7440031020496036 -0.773957429334843239 -0.000539467922410395858 -0.000628446489078147074 -0.878527668062751288 -0.477690747741251698
1737708598.044559000 54.0190604175944173 34.0627878326294535 -0.769823125653964713 -0.000195765154812326675 -0.000680835444940979645 -0.878551589316782677 -0.477646943932500123
1737708598.144559000 52.9690924882434686 33.3806742883400744 -0.765904291591781972 -0.00039871027928763147 -0.000600436969089153524 -0.878571022712150373 -0.477611179262049657
1737708598.244559000 51.9176794453562707 32.6968051179940105 -0.762257677165534719 -9.07552229009949514e-05 -0.000833572418985668515 -0.878576593923622529 -0.477600738619695542
1737708598.344559000 50.864047454976685 32.0123982084320815 -0.758813423355278904 -0.000201509731613485504 -0.00089338720878844014 -0.878574259459705909 -0.477604890958994832
1737708598.444556000 49.8092260934488138 31.3265521954039663 -0.754595949547507194 7.12621863089104614e-05 -0.000731165758037971786 -0.878529385699833743 -0.477687741919560316
1737708598.544556000 48.7520220839735785 30.6401158606629203 -0.750876790843903241 -0.000135179354290690997 -0.000554459293959453877 -0.878505724557556489 -0.477731479202529119
1737708598.644556000 47.6930162317833961 29.9522533174791512 -0.747854125099879252 -5.49924068256764636e-05 -0.00094359421105859125 -0.878460160746539875 -0.477814663428158093
1737708598.744556000 46.6318282355024749 29.2637759126638244 -0.745133671030679068 -0.000602281297024921561 -0.00113544937229125638 -0.878402598262889467 -0.477919682977136884
1737708598.844556000 45.5694124203051629 28.5742446147558873 -0.740544781721075074 -0.000727109801522845363 -0.00117572404261260003 -0.87834129658533322 -0.47803206555325195
1737708598.944556000 44.5051136287079032 27.8842340725952766 -0.735402917190778327 -0.00082251969071933087 -0.00118629225402050106 -0.878293516330318935 -0.478119666343239491
1737708599.044556000 43.4387824359153782 27.1934682244645032 -0.730524680789450542 -0.00139180004313205403 -0.00136583764276673758 -0.878229901977481853 -0.478234708749581294
1737708599.144556000 42.3711996656935383 26.5017240086321841 -0.724702077388206134 -0.00173700398419010201 -0.00151499402587723718 -0.878152814451937824 -0.478374667055438352
1737708599.244556000 41.301662091923447 25.8098491307095017 -0.718189263010773904 -0.00244256745735993474 -0.00142301874457745965 -0.878055103392837655 -0.478551192964412508
1737708599.344556000 40.2314144544128069 25.1169120842193756 -0.710122613266617742 -0.00226178834773262507 -0.0011339271479951236 -0.877855645089545389 -0.478918641219060914
1737708599.444556000 39.1586557900243264 24.4246050233610994 -0.702475924398549889 -0.00240711490901052367 -0.000790648093788750444 -0.877697953989065471 -0.479207556531421663
1737708599.544556000 38.0841944167664295 23.7317601991854161 -0.695816906015227055 -0.0019550758540725138 -0.000883961946454786779 -0.877534407278500739 -0.47950887409103593
1737708599.644556000 37.0077151802189377 23.0392325068025983 -0.689747350771843459 -0.00165579684985694931 -0.000582888921231973132 -0.877343997061636238 -0.479858759842112126
1737708599.744556000 35.9295226584790939 22.3461851335888326 -0.683748002853510228 -0.00112602390537708914 -0.000411074676336426468 -0.877125992942601851 -0.480258842284273069
1737708599.844556000 34.8486181264441228 21.6535108732283028 -0.679436907283652469 -0.00132843796557971126 -0.000174103379340454769 -0.87692693116448206 -0.480621849627156483
1737708599.944556000 33.7657110257033608 20.9602526444836386 -0.676114376391826921 -0.00121137738092263352 -0.000120502365469423584 -0.876741895611521826 -0.480959630866808541
1737708600.044556000 32.6806940629963094 20.2671424052449467 -0.672142553301043111 -0.000789673482480928975 4.18715983548663797e-05 -0.876557676318825751 -0.481296181939043888
1737708600.144556000 31.5929822392636233 19.573432055499925 -0.669740672821288019 -0.00130089042694207205 0.000153433049019320307 -0.87631600924634645 -0.481734923044773722
1737708600.244556000 30.5031572160545323 18.8792113227122655 -0.667448518139129865 -0.00101320457539743453 9.4817243739246204e-05 -0.876083675935738881 -0.482158020969373213
1737708600.344556000 29.4104667271315172 18.1854850336567644 -0.66425392348469392 -0.00125804904334502789 0.000527046030168475772 -0.875866164654541146 -0.482552174534973455
1737708600.444556000 28.3149038297508042 17.4906440453943581 -0.662779939966048892 -0.0013844256122583509 6.82136707578225683e-05 -0.875627537219697327 -0.482984984005908613
1737708600.544556000 27.2167266094583447 16.7957684222389325 -0.66039485374924678 -0.001622622229626643 -6.08251481761084558e-05 -0.875378591726309385 -0.483435295096112383
1737708600.644556000 26.1157542047431726 16.1007015768489126 -0.656855112843779176 -0.00170718131421116457 -0.00013249219695846701 -0.875130487473375407 -0.483883971497704291
1737708600.744556000 25.01191666539696 15.4053984719950705 -0.653151980850661174 -0.00176984755559756769 -0.000392183335964742187 -0.874890607624459138 -0.48431718792787648
1737708600.844556000 23.9049802318566549 14.7098720714681797 -0.649165171765597515 -0.00201254969710899963 -0.000661176399364920338 -0.874642907268338599 -0.484763135205921403
1737708600.944556000 22.7957889111729877 14.0142714088481437 -0.643591215224312285 -0.00176777922821604039 -0.000286756676970660834 -0.874388073401582089 -0.485223958415367695
1737708601.044556000 21.6835724274120416 13.3183839714045789 -0.638042785309987481 -0.00167285816682598569 5.10522782689974697e-07 -0.874141486681789481 -0.485668470056523527
1737708601.144556000 20.5678207175572147 12.6216407949088119 -0.635158864902102493 -0.00180118564980169451 -0.000507544489028273027 -0.873884744100721367 -0.486129563138124554
1737708601.244556000 19.4492970701539925 11.9250275050447314 -0.631269209895115924 -0.00182266295985248012 -0.0004205263228105893 -0.873646773801922016 -0.486557104236327642
1737708601.344556000 18.3279279383360638 11.2282440399759018 -0.625885255801872598 -0.00171259139578122622 -0.00012986347381255584 -0.873416316880444521 -0.48697123895892358
1737708601.444556000 17.2033141665278499 10.5309131967247129 -0.621684081995489302 -0.00187641827688046921 -8.93272846210320859e-05 -0.873180973716012332 -0.487392509396116225
1737708601.544555000 16.075609112642276 9.8330760188147881 -0.617361549048961011 -0.00210449973820952142 -8.03421535645859174e-05 -0.872952550287872553 -0.487800583816676236
1737708601.644555000 14.9449643688699858 9.1346938503639592 -0.612941153101165037 -0.00215058928064166795 -4.89431129592336235e-05 -0.872735222560619639 -0.488189106671158835
1737708601.744555000 13.8114648736322732 8.43599225889172644 -0.60807549678263062 -0.00199172352668730525 8.09612724046199651e-05 -0.872560549972536292 -0.488501906970987387
1737708601.844555000 12.6751220797363189 7.73670841843393919 -0.603620913324989128 -0.00141054405631678057 0.000231116237409440374 -0.872401127354529793 -0.488788532947834253
1737708601.944555000 11.5362096237490324 7.03698287602462536 -0.599327032977387653 -0.000918487538335501343 0.000746736286991155898 -0.872266774124311528 -0.489028908679566554
1737708602.044555000 10.3943158767798618 6.33648992816781487 -0.597130452447491966 -0.000285378699515488805 0.000816564872204097992 -0.872179806618978093 -0.489184665240939842
1737708602.144555000 9.24973094584805366 5.63497840304452602 -0.597154863536742853 -0.00018449689678857274 0.000551803492139493344 -0.872087415318097414 -0.489349774208185484
1737708602.244555000 8.10258963544749022 4.93264758142590054 -0.597647422103640857 -0.000303047430931855711 -8.23218885258628573e-05 -0.872014479997047953 -0.489479977180721448
1737708602.344553000 6.95342515012000906 4.22963740983967718 -0.597036815570394119 -0.000755062498692559607 -0.000723615131114251769 -0.871925961936550808 -0.489636623592216824
1737708602.444555000 5.8027890258326682 3.52611849242005304 -0.593765674365860474 -0.000790904014595309596 -0.0010274460862928483 -0.87184901365893841 -0.489773025193625755
1737708602.544554000 4.65079538818633864 2.82252830282210354 -0.587573235453105469 -0.000846709250473919777 -0.000791771412341862402 -0.871777037747761274 -0.489901472377063607
1737708602.644554000 3.49735507084505315 2.11816624263164854 -0.581849653685736046 -0.000762018222159980673 -0.000667627115958046181 -0.871698766824482552 -0.49004105289142863
1737708602.744554000 2.34248907575601661 1.41337897502989329 -0.576327257651889302 -0.000459080063286704059 -0.000592539051062756237 -0.871626754801247738 -0.49016960172741697
1737708602.844554000 1.18601152787064068 0.708270719213494049 -0.571709382346473061 -0.000144416350022440957 -0.000530956765251996716 -0.871571791415107766 -0.490267589830586215
1737708602.944554000 0.0283814103150694004 0.0028602200076043565 -0.56759935905599701 0.000381486145197436539 -0.000222345521078360839 -0.871521861093313754 -0.490356452661976916
1737708603.044555000 -1.13075548543640547 -0.702828528068104141 -0.564561114386912477 0.000358333686109438428 0.000100766402002364953 -0.871462455104375255 -0.49046207884662929
1737708603.144555000 -2.29107783617182337 -1.4093987163148427 -0.563789112853975483 8.34975166446001791e-05 -0.00015877215322775899 -0.871390024011182374 -0.490590861995369443
1737708603.244555000 -3.45215173176923296 -2.11559708195486262 -0.56221182524605573 -0.000405717297961462895 -9.47376854585671018e-05 -0.871355374655939041 -0.490652257180637097
1737708603.344555000 -4.61304700046405092 -2.82201864601877084 -0.559389948576799689 -0.000324635351708227034 6.55838568567669079e-05 -0.871351053793013586 -0.49065999568382529
1737708603.444555000 -5.77323729204593672 -3.52829471291280505 -0.555876178583616265 0.000677914156881206432 0.000299116280985554581 -0.871343460187446239 -0.490673033037699491
1737708603.544554000 -6.93303806800547306 -4.23390323662117662 -0.553742282973522237 0.00105297413888332664 0.000355279165881045673 -0.871311987032489021 -0.490728220378320312
1737708603.644554000 -8.09256632216879268 -4.93920572156254689 -0.554338418377306907 0.000737258443826005645 -0.000528521332853320322 -0.871320551658887554 -0.490713433046253755
1737708603.744554000 -9.25023639814038212 -5.64338607094921674 -0.553657713447445965 0.000544562584260826197 -0.00136454891804556572 -0.871385993008864101 -0.490595854696916855
1737708603.844554000 -10.4049777403314589 -6.34623179001376059 -0.549381467267914037 -0.000173833729617022372 -0.00187456996472140712 -0.871498478050427794 -0.490394594714369192
1737708603.944554000 -11.5559236813585873 -7.04800075068533349 -0.542161297902511108 -0.000227565406034511888 -0.00207705098969712849 -0.871682789187776419 -0.490066066063537309
1737708604.044554000 -12.7022776052111759 -7.74788597498112974 -0.53129920720798185 0.000532754563473032097 -0.00103446735674457883 -0.871868332801462476 -0.489738967520312707
1737708604.144555000 -13.8440887538859343 -8.44685682056207021 -0.520837884726159328 0.00209668605648870993 0.000234971007313462279 -0.872025351461580889 -0.489456162597339484
1737708604.244555000 -14.9833790831882681 -9.14417206093856016 -0.516675535197908875 0.00233774989953903665 0.000975701019623279281 -0.872202795032351763 -0.489137881655757112
1737708604.344554000 -16.1192528974225304 -9.84097044726398096 -0.518214833069792991 0.00206558200882670916 0.000866125072241591648 -0.872374174873070229 -0.488833593580529857
1737708604.444555000 -17.2510831691024471 -10.536605005252806 -0.520583900288609791 0.00183800173097214861 0.000810193729806219648 -0.872512922461674445 -0.48858690677621075
1737708604.544555000 -18.3793285964855855 -11.2309458771030606 -0.521821196825958511 0.00149332133937156095 0.000869797603802037185 -0.872647272253968764 -0.488347982151266957
1737708604.644552000 -19.5047316946013467 -11.9241611044580207 -0.522287304748878634 0.00116116935272936382 0.000705133289809695813 -0.872829040063270778 -0.488024201546406244
1737708604.744552000 -20.6280030285129499 -12.616687342712007 -0.522443763427651975 0.000770553251068725156 0.000131831970013454656 -0.873045046625666621 -0.487638939616605149
1737708604.844555000 -21.7488583752290019 -13.308925793460304 -0.521185541668065411 5.76146711786164768e-05 9.63039934390397744e-05 -0.873224887455358867 -0.487317435902581975
1737708604.944555000 -22.8669962588174549 -14.0014519262823569 -0.517797343923217301 3.04900904994273841e-05 0.0006341579541651553 -0.873387944534219085 -0.487024737827901122
1737708605.044555000 -23.9842099835260711 -14.6943625949475614 -0.514479780986918489 0.000289468703414150685 0.000986325005711696226 -0.873542526163514577 -0.486746749711509663
1737708605.144555000 -25.101444067599374 -15.3882965535634639 -0.514288061015323983 -4.12450132941820824e-06 0.000233984543233235699 -0.873703827901081143 -0.486458185608198423
1737708605.244555000 -26.2186290942975759 -16.0827005820329276 -0.514638505973798233 -0.00028729534570105038 -0.00127835150919234264 -0.873892445955014807 -0.486117553871041941
1737708605.344555000 -27.3350056289232981 -16.7771939869189843 -0.511701743848572255 -0.000791926308028213484 -0.00223930558941576796 -0.874050744456123296 -0.485828832490309337
1737708605.444555000 -28.4498255898485795 -17.4719492084709991 -0.50360847456866864 -0.000606582414496885857 -0.00204264552590280746 -0.87421681330902179 -0.485531073140380354
1737708605.544555000 -29.5636348445695738 -18.1668770796908881 -0.492870721862562533 -0.000223589754182633828 -0.000811745827923700844 -0.874373471863713836 -0.485252844172322617
1737708605.644553000 -30.6767761487737864 -18.8629102107968301 -0.484102964595853114 0.000511690528982045208 0.00043462191101641969 -0.874515486207533721 -0.484997127475821688
1737708605.744553000 -31.7906320169805774 -19.5597204215425329 -0.480287634722587176 0.000689226372132440345 0.00117125568990330523 -0.87467656000716254 -0.484705135624901584
1737708605.844553000 -32.9047688031183725 -20.2580654821004984 -0.481231812426048178 0.000841305590865950117 0.000955824965411016187 -0.874824567893324856 -0.484438183893256269
1737708605.944553000 -34.0196479810328682 -20.9569196800102624 -0.483651668045503413 -6.46610600803075196e-05 0.000674023012023810056 -0.874992016313634324 -0.484136874137188644
1737708606.044553000 -35.1333994073570466 -21.6573918572752682 -0.484483535371543317 0.000150587391481191797 0.000375415437132624406 -0.875130325384643304 -0.483887125246018512
1737708606.144553000 -36.2471525251306232 -22.3575300730973687 -0.482486611298772572 2.98673952526005504e-06 0.000788686181565136004 -0.875286855591628221 -0.483603451594079359
1737708606.244553000 -37.3608358445353161 -23.0589475951709275 -0.480714353180368148 -0.000159430729936111673 0.000682511012118495889 -0.875456931558377671 -0.483295633900153732
1737708606.344553000 -38.4744487477228461 -23.761103836453799 -0.479302303211760927 -9.24648518440548224e-05 0.000348604707802730352 -0.875662606408572186 -0.482923254423263226
1737708606.444553000 -39.5870140388766814 -24.4639647664862352 -0.476075475554768923 0.000422966161001484106 0.000977886742047142342 -0.875822321361182432 -0.48263249604917452
1737708606.544554000 -40.6990585438606303 -25.1679548294317392 -0.473682516705931533 0.00143581582721420665 0.0016676707977732665 -0.875965953274251419 -0.482367915611468967
1737708606.644552000 -41.8118465561206847 -25.8727638885105939 -0.474775068065096617 0.00155230866415454524 0.00181421550449760265 -0.876118043480882625 -0.482090730928468769
1737708606.744552000 -42.925268127628982 -26.5790688571406584 -0.479496415435583523 0.00129419073315313344 0.000889561652432688255 -0.876293824994437975 -0.481774497069978436
1737708606.844552000 -44.03873240832894 -27.2859750261214309 -0.48294196820562374 0.000298286530396581293 0.000330872833005320442 -0.876460900974064927 -0.481472834760222956
1737708606.944552000 -45.1509745188666969 -27.9943741131576118 -0.48293435515639116 -2.45759679726474992e-05 5.94068385060109562e-05 -0.876575875040566554 -0.481263681534057908
1737708607.044552000 -46.2628357111605126 -28.7030689866053557 -0.479733094327980392 -0.000648496528619376929 0.000287680350797545807 -0.876652427700478132 -0.481123703115037438
1737708607.144552000 -47.374720320676488 -29.4127109956198964 -0.476559847673449499 -0.000859656081674312804 -0.000292127278597619411 -0.87668189194533197 -0.481069678932509848
1737708607.244552000 -48.4865259852872015 -30.1219877279267827 -0.472252848145570447 -0.00112940319411294031 -0.00049014120816987688 -0.876677617048649327 -0.481076750608386283
1737708607.344552000 -49.5977368241066969 -30.8311621664202278 -0.465934215543741925 -0.000679744243084455481 -0.000134861923162772255 -0.876681385409865288 -0.481070959667974085
1737708607.444552000 -50.708901948606119 -31.5402400253659678 -0.459860269501030872 -0.000181561910606122142 0.000405654517182658058 -0.876658312680947294 -0.481113297765796921
1737708607.544553000 -51.8202998428925383 -32.2495344841143847 -0.456012992644806325 0.000101123594610102964 0.00103276049845733289 -0.876634243642724242 -0.481156238713290163
1737708607.644552000 -52.9319004445733299 -32.9588829013775779 -0.453979960794760995 0.000741413223659534155 0.00172025647103584388 -0.876615618289116494 -0.481187644059670627
1737708607.744552000 -54.0441995484921236 -33.6685790388324335 -0.454503565314950619 0.00104675954076234807 0.00204872413589786851 -0.876601007392240339 -0.481212407220334204
1737708607.844552000 -55.1575527634252722 -34.3789627137173426 -0.458143019099688464 0.000854899923326893135 0.00147929312963831876 -0.876587511354731452 -0.481239457832456863
1737708607.944552000 -56.2715751347653423 -35.0894781941323401 -0.461907649403996756 0.000195685643775827156 0.000677536257935696632 -0.876578906795563051 -0.48125764701752427
1737708608.044552000 -57.3854288410120859 -35.7999871945373798 -0.462722772431864771 -7.04714899148712139e-05 0.000365561672231342401 -0.876565236899443989 -0.481282917687564482
1737708608.144552000 -58.4990160014992284 -36.5103285843178256 -0.460115042819986053 -0.000110434677186655974 0.000588481579803160093 -0.876539977533915882 -0.481328691518025931
1737708608.244552000 -59.6127394370365167 -37.2211055594880023 -0.457354851138678131 0.000173807713097232303 0.00041206114532408016 -0.876524712183019417 -0.48135665460131194
1737708608.344552000 -60.726784729276865 -37.9317405813523223 -0.455011427391312395 0.000562511982774104415 0.00031376935466602597 -0.876494782421720631 -0.481410927915603692
1737708608.444552000 -61.840817664769169 -38.6422297458091677 -0.452492328526511223 0.00117777984306941495 0.000575416377857588569 -0.876453820400117989 -0.481484145571452027
1737708608.544552000 -62.9558931817295715 -39.3526829140397822 -0.451780276742079434 0.00133720924939806883 0.000516125646515343955 -0.876440109717600002 -0.481508753361703956
1737708608.644552000 -64.0714113739372095 -40.0632884801817895 -0.45197096946807036 0.00145356075940777799 0.000765589329328635114 -0.876421200580489446 -0.481542500935433493
1737708608.744551000 -65.1867497822051831 -40.7742599551763902 -0.451384876014097824 0.00216357760121147456 0.00177817492993872042 -0.876377624241422959 -0.481616462296340031
1737708608.844551000 -66.3034907395881277 -41.4855234670091022 -0.453366628177128916 0.0023183857275233255 0.00237398381721997927 -0.876327698140868083 -0.481704011566835955
1737708608.944551000 -67.4215773940010905 -42.197723529987698 -0.459504091108861479 0.00210930776954007223 0.00219573717227523934 -0.876260983738566201 -0.481827166042476884
1737708609.044551000 -68.5410622902259234 -42.9096426199411454 -0.466244301216339418 0.00184097726236800226 0.00206214796988372223 -0.876228382004456519 -0.481888141499998368
1737708609.144552000 -69.6610411429234802 -43.6220909726548882 -0.471642341506503415 0.00167213560065527437 0.00208285933497356695 -0.876164527840799456 -0.482004757043987153
1737708609.244551000 -70.7820464271190559 -44.3348169663163389 -0.476583712285730043 0.00142128582681980598 0.00184612023178550196 -0.876094601931356354 -0.48213361244931574
1737708609.344552000 -71.9042607061573023 -45.0475888882128643 -0.481074542164600882 0.000900161137357166673 0.00129838659536545345 -0.876045862671089526 -0.482225207137746859
1737708609.444552000 -73.0268098217943589 -45.7603351027529541 -0.483826998063539349 0.000976767625921932687 0.00104566507370456294 -0.876022067510633051 -0.482268897757210713
1737708609.544552000 -74.149687835733971 -46.4724820796007805 -0.484083527216095155 0.000987819022045452293 0.00179976248989509378 -0.875986167859092446 -0.482331855456491487
1737708609.644552000 -75.2728570028931756 -47.1854602190870125 -0.485209595916274106 0.000971867353984575766 0.00231101597912746187 -0.875917880459381015 -0.482453709044232182
1737708609.744558000 -76.3973627569074552 -47.8987202431662595 -0.48925374598942839 0.000529634861805482627 0.00220579542572115275 -0.875868208116676761 -0.482545061070917214
1737708609.844558000 -77.5219272462380644 -48.6118086330873567 -0.492894481917878102 0.000290675380687584108 0.00235312259916795269 -0.875808478487758002 -0.482652967804835353
1737708609.944558000 -78.6465744907240065 -49.3247277721092132 -0.495881860809896047 3.36501104181324059e-05 0.00253461959914349751 -0.875753178053643278 -0.482752468352159014
1737708610.044558000 -79.7713131295109292 -50.0375142314858152 -0.499926235812849562 0.000241561695262341243 0.00220535598915420818 -0.87568579091705856 -0.482876250854061939
1737708610.144558000 -80.8955452172664025 -50.7493999316987967 -0.502194214024231367 0.000275440794179229818 0.00239342837036901537 -0.875613294296836542 -0.483006785132100158
1737708610.244558000 -82.0193762929495591 -51.4606909211097658 -0.50508267874523749 0.00111308186940136918 0.00229235270176715404 -0.875565034103059525 -0.483093549143384426
1737708610.344558000 -83.1427498255640671 -52.170778830123929 -0.507528985161048607 0.00129522697144836469 0.00263106354763612384 -0.875487458206370195 -0.483231942668373882
1737708610.444558000 -84.2657753945392329 -52.8804397370936172 -0.511968277394414528 0.00146371416086945759 0.00251301201648174285 -0.875435932218088686 -0.483325429594705924
1737708610.544558000 -85.3882388444227587 -53.5890879376735967 -0.516482219831292277 0.00143820116704613176 0.00262063435789397937 -0.875380190762681476 -0.483425884157289376
1737708610.644558000 -86.5097778385158875 -54.2973501900286308 -0.521267685768728284 0.00151694350244846064 0.00248831287933483532 -0.875306507317022531 -0.483559743392582619
1737708610.744551000 -87.6306920854877376 -55.0043521975894905 -0.526243847384654462 0.000987356457857075601 0.00214755055650022505 -0.875243989719619142 -0.483675895216534646
1737708610.844552000 -88.7503826682009418 -55.7105688820006435 -0.530088903260909294 0.00123475786312122896 0.001753881494386287 -0.875192366188920046 -0.483770318888377904
1737708610.944551000 -89.8690061892805261 -56.4148325631920642 -0.531508427365619651 0.00128530564335311605 0.00219764053265225677 -0.875135619520071684 -0.483871021877435248
1737708611.044552000 -90.9866386278261388 -57.1185194084497851 -0.533519247915660189 0.000944650204858300032 0.00232038073904372241 -0.875082857476039644 -0.483966647632650404
1737708611.144552000 -92.1031223444336291 -57.8211127741751554 -0.536744499256488594 0.000923697526455644611 0.0024291315517190543 -0.87504679093504234 -0.484031362389947595
1737708611.244552000 -93.2180873442126909 -58.5224741411403073 -0.538831171681022125 0.000975925654401682465 0.00306938270999048465 -0.874986656881703184 -0.484136320407669574
1737708611.344552000 -94.3321795074840281 -59.2230049366637914 -0.543064757034916412 0.000883780422944753031 0.00325804879946613168 -0.87492119453572692 -0.48425355693310207
1737708611.444552000 -95.4459584547136899 -59.9222662102238601 -0.549356278500381268 -0.000146243865090588468 0.00282292252879276029 -0.874888866639261908 -0.484315476473544781
1737708611.544552000 -96.557890202511544 -60.6210722860378652 -0.554945692719910122 -0.000129501391395662048 0.0019166248981650584 -0.874860833254306858 -0.484370552589616032
1737708611.644552000 -97.6678354380478027 -61.3174574543468225 -0.556353755567573049 6.22449147029153355e-06 0.00242760200672395001 -0.874816816664592101 -0.484447772201072602
1737708611.744549000 -98.7756121986165994 -62.0128669849925842 -0.556100319734746384 0.000580281235813114244 0.0031203034407785951 -0.874763929329132828 -0.484538950885046171
1737708611.844549000 -99.882363220143759 -62.7067005290986046 -0.558650889799384709 0.00102262308215647114 0.00335091050021763806 -0.874734265290780355 -0.484590229747826062
1737708611.944549000 -100.987793693308191 -63.3993368482942259 -0.563338624751175243 0.000854449282632175873 0.00312388634309065678 -0.874706660709275496 -0.484641897653687814
1737708612.044546000 -102.091514499210092 -64.0910525138766332 -0.569756181524709082 0.000620546119428617309 0.00219389769349499558 -0.874678011407290845 -0.484699059310013447
1737708612.144549000 -103.1931876551252 -64.7808307461344555 -0.574000522740040986 0.000162918225297081732 0.001807666191181217 -0.874649682885301649 -0.484752140819651123
1737708612.244549000 -104.29148310826983 -65.468967864096669 -0.574629482119720758 0.000857456024006484122 0.00244003207784221528 -0.874602662574522571 -0.484833469997877131
1737708612.344549000 -105.387630557804414 -66.1549676926756121 -0.574388877021815292 0.00165946501866185217 0.00341080317337194615 -0.874572697463426807 -0.48487958242135798
1737708612.444549000 -106.482542514418597 -66.8400318433001246 -0.578821538496824384 0.00174827890667576119 0.00332972879576379959 -0.874550308900280404 -0.484920213673791567
1737708612.544549000 -107.575388257806907 -67.5237527580788282 -0.58591422171115326 0.00178298664873259116 0.00315982801296242361 -0.874526994806354097 -0.484963268506498624
1737708612.644549000 -108.665971185284704 -68.2059876784059185 -0.592290927188785177 0.00151191759079434356 0.00313705306318206104 -0.874486205276453488 -0.485037884896083626
1737708612.744549000 -109.754317744497115 -68.8873745756361302 -0.59906405224458803 0.00154678561804191166 0.00255736476109649346 -0.874442797102016112 -0.485119430590172707
1737708612.844548000 -110.84025427397583 -69.5666922451979275 -0.604039698606891884 0.00202585126203237275 0.00241839018060423195 -0.874416301515099414 -0.485166135421933375
1737708612.944548000 -111.923901115689588 -70.2438408537882992 -0.607665553390697277 0.0024003771435774199 0.00258792719173545028 -0.874405296765657924 -0.485183385752831708
1737708613.044548000 -113.00481934768402 -70.9194013355190265 -0.612022443146720385 0.00286315558730994377 0.00269326786276729083 -0.874398710897025477 -0.485192171237256553
1737708613.144548000 -114.081962922352773 -71.5926674193429591 -0.616755594355450354 0.00323024740158048751 0.00333084172408847599 -0.87435818825326006 -0.485258930499595231
1737708613.244548000 -115.154787393388858 -72.2634092146737999 -0.622130868013693661 0.00296901397780434048 0.00398510595563972021 -0.874315559407196186 -0.485332470029570695
1737708613.344548000 -116.222956848256842 -72.9312349397017243 -0.630189710136460524 0.00240687070348404551 0.00341048697361992243 -0.874315375443562415 -0.48534029279980706
1737708613.444548000 -117.284133747888035 -73.5948054607655422 -0.637053633318972135 0.00206863183124520594 0.00308664111947760944 -0.874315080132491929 -0.485344551902934906
1737708613.544549000 -118.336615093685666 -74.2534369382972841 -0.639862436035520177 0.0030278325531325808 0.00335736997865889895 -0.874288515623181217 -0.485385570187528037
1737708613.644549000 -119.381803016251851 -74.9063219982699451 -0.642324425608608918 0.00289722628352432959 0.00375381659756646212 -0.874265289714967309 -0.485425296148046415
1737708613.744549000 -120.419490888265514 -75.5550275928252546 -0.647363793661918097 0.00262300592659675319 0.00300631236089999969 -0.874303634046606604 -0.485362995518607399
1737708613.844548000 -121.448721289911305 -76.1982800544783885 -0.651328786540669058 0.0033591187980611106 0.0024475812267606002 -0.874344398685981683 -0.485288159914795847
1737708613.944548000 -122.469644889573971 -76.8358669611182989 -0.65252507380535385 0.00327158091893055888 0.0032375214284313795 -0.874324938189318113 -0.485319191536392025
1737708614.044548000 -123.482793527010287 -77.4692700738581976 -0.655009768427173844 0.00287395099820891104 0.00348905011880231136 -0.874343138501155526 -0.485287175897816003
1737708614.144548000 -124.488232707249963 -78.0978481994156084 -0.658563915334782535 0.00303440300541379243 0.00364589684501956347 -0.874399599654885007 -0.485183305522741359
1737708614.244548000 -125.485989445874608 -78.7218342274451999 -0.662191792181491712 0.00342711768638500214 0.00406557860420082937 -0.874400680719966683 -0.485175406931798059
1737708614.344549000 -126.477116840323035 -79.3416687471673612 -0.666894910617264691 0.0029895776586868917 0.0045467982493118805 -0.874388524888656815 -0.485195936291867636
1737708614.444549000 -127.461822819485917 -79.9578480050070084 -0.674020635806560353 0.00326430746296409429 0.00412850564308558064 -0.874417294673599965 -0.485146054826425921
1737708614.544548000 -128.440470945216873 -80.5692584062526862 -0.680381286594477608 0.00313994876548427454 0.00415976212672246499 -0.874448555377713599 -0.485090260774868165
1737708614.644549000 -129.412633725893556 -81.1775051232277747 -0.686554981772850015 0.00311028749215392936 0.00382546581686012003 -0.874448972525176838 -0.485092451366400002
1737708614.744549000 -130.379346003787902 -81.7817378690813683 -0.692996590896917675 0.00246784409207069337 0.00316080218680412977 -0.874497832955535737 -0.485012844398110321
1737708614.844548000 -131.339719643580793 -82.3826669210341009 -0.698180500131280191 0.00208227589585671885 0.00237394751887966011 -0.874531784633733267 -0.484957922056758695
1737708614.944548000 -132.293304576969177 -82.9795053078733673 -0.699772760964803564 0.00246153501509718386 0.00275078881278211255 -0.87455997331675206 -0.484903317248376431
1737708615.044548000 -133.240838397624657 -83.572593080605472 -0.700362516697183746 0.00312776594636088789 0.00325798743617149427 -0.874586432341115882 -0.484848610354705833
1737708615.144548000 -134.182993514771312 -84.1618821738046421 -0.7022986081020961 0.00302048260405883518 0.00388940312446183151 -0.874627050360253899 -0.484771360546698338
1737708615.244548000 -135.120081193303577 -84.7486558853607335 -0.70838650669548342 0.00292031998532222377 0.00325052309378981571 -0.874683563993622126 -0.484674704013130508
1737708615.344548000 -136.051639943416546 -85.3315564280406136 -0.713665051703385012 0.00231315851485856729 0.00301825465341939991 -0.874754160899001265 -0.484552058530780316
1737708615.444548000 -136.976677866828823 -85.9117934147678568 -0.71769650650392347 0.00245397763689354353 0.00305429103565481915 -0.874771809777252773 -0.484519277345141219
1737708615.544548000 -137.896445055275933 -86.4881095238932005 -0.720537623002606598 0.00217783720854299858 0.00349437298108065111 -0.874810100691388426 -0.484448484475785812
1737708615.644548000 -138.810444454094892 -87.0617585231787956 -0.723191544784159923 0.00190022074674453577 0.00359648824379077674 -0.874825646709730842 -0.484420831810862484
1737708615.744548000 -139.719554906856388 -87.6319306536711906 -0.727462503058519894 0.00177714014316304237 0.00313849920778962524 -0.874889901302823958 -0.484308426722031893
1737708615.844548000 -140.622886173600165 -88.1985748889309065 -0.730826724266994354 0.00168971581753299101 0.00307419939545723001 -0.874926027242738824 -0.484243885879596936
1737708615.944548000 -141.52052698729554 -88.7618749932452147 -0.732881491314527622 0.00122690468173412902 0.00345535292498056704 -0.874961963213660265 -0.48417777537838691
1737708616.044548000 -142.412518474356034 -89.3224807688468587 -0.735267890075995467 0.00139416438213204111 0.00321884574998544844 -0.875001002689605012 -0.484108397603160878
1737708616.144548000 -143.299433462469665 -89.8792924835035052 -0.737727256438713508 0.00119881787839255663 0.00320392348349052411 -0.875036545476701844 -0.484044772505815457
1737708616.244548000 -144.180210629479234 -90.4331140574105063 -0.739558657896586258 0.00152348115458130319 0.00373812840311198678 -0.8750453556993254 -0.4840241015386062
1737708616.344548000 -145.056027485239071 -90.9831804911635658 -0.741467683582927917 0.00189130725709199684 0.00420577318200730625 -0.875087248496327574 -0.483943221822486336
1737708616.444548000 -145.926421682080019 -91.5305820136196644 -0.744420304248336384 0.00218861137024845692 0.00443179562676389045 -0.875107730758004854 -0.48390291250969808
1737708616.544548000 -146.792162855821147 -92.0749348478324094 -0.750128251304365556 0.00254149100327125165 0.0040647792228867257 -0.875130937734390768 -0.483862439349734941
1737708616.644548000 -147.652717412953024 -92.6156703867892901 -0.755268030300229931 0.00265646209296405752 0.00416659623880924652 -0.8751562531633994 -0.483815166395114293
1737708616.744548000 -148.5079557996267 -93.1538071913436454 -0.760248951595633216 0.00273923407129772001 0.0040263440758225473 -0.875178741481980382 -0.4837752118578455
1737708616.844548000 -149.358678112953157 -93.688639200783939 -0.76595425155234631 0.00229952377550101707 0.00338744741487782396 -0.875225575767886399 -0.483697662711108145
1737708616.944547000 -150.203924793845545 -94.2207402209764382 -0.770966148515491057 0.00214976832292592627 0.00255033219480182245 -0.875341824051319439 -0.483493087198114679
1737708617.044547000 -151.043547575782043 -94.7494137786832766 -0.774284351415989502 0.00201904177122073925 0.00236788570139934715 -0.875600450763218463 -0.483026052310722376
1737708617.144547000 -151.876682111230139 -95.2756658175708822 -0.775546650318398312 0.00217347764894649555 0.00280000651526484019 -0.875856028339181081 -0.482559481909060006
1737708617.244547000 -152.703513935118707 -95.7997012076933032 -0.775759686504506329 0.00250975326172128395 0.00349043967003519673 -0.876062203886342261 -0.482178942811981481
1737708617.344547000 -153.524862920326626 -96.3212863388614693 -0.777853227403968117 0.00304927353563486103 0.00387142991302136643 -0.876254600739339029 -0.481823192306551018
1737708617.444547000 -154.341089852265128 -96.8401453217550738 -0.781737817188759454 0.00306998259651414165 0.00385895958255466544 -0.87643212117822189 -0.481500177159718934
1737708617.544547000 -155.151793404949416 -97.3565584230931194 -0.786174719568487834 0.00298537659520117446 0.00374028946581920737 -0.876582889247744856 -0.481227114821446089
1737708617.644547000 -155.957587554591385 -97.8703369541360502 -0.792044727545210714 0.00285125154378560331 0.00326545818949268906 -0.876743149877408534 -0.480939347829315578
1737708617.744547000 -156.75817268597757 -98.3815077748871261 -0.796456792124552337 0.00280863211487658452 0.00328642457423608233 -0.876862834061670871 -0.480721209476445255
1737708617.844547000 -157.553668299988175 -98.8902516086155288 -0.799599371560296701 0.00317189865482650751 0.00389115604638673365 -0.876960734437308043 -0.480535813669203671
